Chara
19 
92 
20 
46 
99 
14 
99 
4 
50000 
2667 
108 
61 
206 
43 
0 
43 
0 
11 
0 
43 
0 
43 
0 
43 
0 
43 
0 
52 
53 
0 
0 
0 
0 
0 
88 
0 
0 
1 
0 
0 
0 
0 
0 
1 
1 
1 
0 
0 
0 
5 
0 
0 
0 
0 
615 
0 
0 
0 
0 
1 
0 
0 
1 
4 
1 
0 
0 
0 
0 
0 
0 
0 
3 
0 
4 
1 
-1 
0 
0 
0 
0 
1 
1 
1 
1 
0 
2 
0 
0 
0 
0 
1 
0 
1 
0 
0 
1 
1 
0 
4 
0 
0 
0 
0 
0 
0 
15 
0 
0 
0 
1 
0 
0 
0 
0 
0 
0 
0 
0 
1 
10 
0 
0 
0 
0 
1 
0 
0 
0 
0 
0 
1 
2 
0 
0 
1 
0 
0 
0 
1 
0 
0 
0 
1 
1 
0 
0 
0 
0 
0 
0 
0 
0 
0 
0 
0 
0 
0 
0 
0 
0 
0 
0 
0 
0 
0 
0 
0 
0 
0 
0 
0 
0 
0 
0 
0 
0 
0 
0 
0 
0 
0 
0 
0 
0 
0 
0 
0 
0 
0 
0 
0 
0 
0 
0 
0 
0 
0 
0 
0 
0 
0 
0 
0 
0 
0 
0 
0 
0 
0 
0 
0 
0 
0 
0 
0 
0 
0 
0 
0 
0 
0 
0 
0 
0 
0 
0 
0 
0 
205 
108 
21 
16 
22 
43 
0 
0 
0 
0 
0 
0 
0 
0 
0 
0 
0 
0 
0 
0 
0 
1 
1 
1 
0 
0 
0 
0 
0 
0 
0 
0 
0 
0 
0 
0 
0 
0 
0 
0 
0 
0 
0 
0 
0 
0 
0 
0 
0 
0 
0 
1 
1 
4 
1 
1 
1 
0 
0 
0 
1 
0 
0 
0 
0 
0 
0 
0 
0 
0 
1 
0 
0 
0 
0 
2 
0 
0 
0 
0 
0 
0 
0 
0 
0 
0 
0 
0 
0 
0 
1 
1 
0 
0 
0 
0 
0 
0 
0 
0 
1 
1 
4 
13 
14 
21 
21 
47 
15 
25 
999 
0 
0 
0 
0 
0 
0 
0 
0 
0 
0 
0 
0 
0 
0 
0 
0 
0 
0 
0 
0 
0 
0 
0 
0 
0 
0 
0 
0 
0 
0 
0 
0 
0 
0 
0 
0 
0 
0 
0 
1 
0 
0 
0 
2 
1 
1 
15 
8 
0 
0 
0 
0 
0 
0 
0 
0 
1 
1 
99 
1 
0 
0 
0 
1 
1 
0 
0 
0 
0 
0 
0 
10 
0 
0 
0 
1 
0 
0 
0 
0 
0 
0 
0 
0 
0 
6 
1 
4 
1 
1 
0 
1 
0 
0 
0 
0 
0 
4 
0 
0 
0 
0 
0 
0 
0 
0 
1 
1 
0 
0 
0 
0 
0 
0 
1 
17 
0 
0 
0 
0 
1 
1 
0 
0 
2 
1 
0 
0 
0 
0 
0 
1 
1 
0 
1 
0 
0 
0 
0 
17 
0 
1 
1 
1 
1 
2 
0 
0 
0 
0 
0 
0 
0 
0 
0 
0 
0 
0 
0 
0 
0 
0 
0 
0 
0 
0 
0 
0 
0 
0 
0 
0 
0 
0 
0 
0 
0 
0 
0 
0 
0 
0 
0 
0 
0 
-1 
0 
0 
0 
0 
0 
0 
0 
0 
0 
0 
0 
0 
0 
0 
0 
199 
1 
1 
1 
218 
231 
223428 