Chara
13 
68 
20 
34 
15 
13 
15 
4 
4463 
1271 
46 
16 
220 
61 
206 
17 
221 
17 
0 
28 
0 
7 
0 
0 
0 
0 
0 
51 
50 
0 
0 
0 
0 
0 
77 
0 
0 
0 
0 
0 
0 
0 
0 
1 
0 
1 
0 
0 
0 
5 
0 
0 
1 
0 
1482 
0 
1 
0 
0 
1 
0 
0 
1 
4 
1 
0 
0 
0 
0 
0 
0 
0 
3 
0 
4 
0 
-1 
0 
0 
0 
0 
1 
1 
1 
1 
1 
2 
0 
7 
1 
0 
1 
5 
1 
0 
0 
1 
1 
0 
4 
0 
0 
0 
0 
0 
0 
15 
0 
8 
0 
1 
0 
0 
0 
0 
0 
0 
0 
0 
1 
1 
0 
3 
0 
0 
0 
0 
0 
3 
0 
0 
1 
2 
0 
0 
1 
1 
2 
0 
1 
1 
0 
1 
1 
1 
0 
0 
0 
0 
0 
0 
0 
0 
0 
0 
0 
0 
0 
0 
0 
0 
0 
0 
0 
0 
0 
0 
0 
0 
0 
0 
0 
0 
0 
0 
0 
0 
0 
0 
0 
0 
0 
0 
0 
0 
0 
0 
0 
0 
0 
0 
0 
0 
0 
0 
0 
0 
0 
0 
0 
0 
0 
0 
0 
0 
0 
0 
0 
0 
0 
0 
0 
0 
0 
0 
0 
0 
0 
0 
0 
0 
0 
0 
0 
0 
0 
0 
0 
0 
205 
46 
10 
2 
9 
19 
0 
0 
0 
0 
0 
0 
0 
0 
0 
0 
0 
0 
0 
0 
0 
0 
0 
0 
0 
0 
0 
0 
0 
0 
0 
0 
0 
0 
0 
0 
0 
0 
0 
0 
0 
0 
0 
0 
0 
0 
0 
0 
0 
0 
0 
0 
0 
0 
0 
0 
0 
0 
0 
0 
1 
0 
0 
0 
0 
0 
0 
0 
0 
0 
1 
0 
0 
0 
0 
2 
0 
0 
0 
0 
0 
0 
0 
0 
0 
0 
0 
0 
0 
1 
0 
0 
0 
0 
0 
0 
0 
0 
0 
0 
13 
3 
1 
0 
0 
0 
0 
0 
0 
0 
0 
0 
0 
0 
0 
0 
0 
0 
0 
0 
0 
0 
0 
0 
0 
0 
0 
0 
0 
0 
0 
0 
0 
0 
0 
0 
0 
0 
0 
0 
0 
0 
0 
0 
0 
0 
0 
0 
0 
0 
1 
-618 
1 
0 
2 
1 
1 
3 
2 
0 
0 
0 
0.08 
-1 
-1 
0 
0 
0 
0 
26 
2 
1 
0 
1 
1 
1 
0 
0 
0 
0 
0 
0 
10 
0 
0 
2 
1 
0 
0 
0 
0 
0 
0 
0 
0 
6 
6 
1 
4 
1 
1 
0 
1 
0 
0 
0 
0 
0 
4 
1 
0 
0 
0 
0 
0 
0 
1 
1 
0 
1 
0 
3 
0 
0 
2 
1 
1 
0 
0 
0 
0 
1 
1 
0 
2 
1 
0 
0 
0 
0 
0 
0 
0 
0 
0 
1 
0 
0 
0 
0 
17 
0 
1 
1 
1 
1 
2 
0 
1 
0 
0 
0 
0 
0 
0 
0 
0 
0 
0 
0 
0 
0 
0 
0 
0 
0 
1 
0 
0 
0 
0 
0 
0 
0 
0 
0 
0 
0 
0 
0 
0 
0 
1 
0 
0 
0 
5 
0 
0 
0 
0 
0 
0 
0 
0 
0 
0 
0 
0 
0 
0 
0 
208 
1 
1 
1 
337 
319 
234471 